34 82 99 96 17 70 3 93 2 73 76 26 55 56 1 37 35 96 79 35 66 96 10 93 68 14 55 37 72 66 49 79 3 21 68 77 86 56 40 31 85 96 20 2 89 73 61 48 72 30 61 35 22 88 74 77 1 45 82 18 53 33 37 63 24 87 94 75 88 78 18 39 71 20 59 97 18 76 35 75 47 78 97 95 50 49 86 83 48 47 34 38 87 40 7 100 1 87 52 6 
26 58 100 84 5 41 90 58 13 71 60 10 54 44 50 80 2 64 54 29 69 29 74 93 74 54 99 26 87 17 86 43 60 54 98 100 73 27 98 29 16 73 79 71 40 59 24 23 67 8 4 6 91 13 20 14 19 100 39 71 22 26 57 5 36 66 68 88 39 69 18 32 20 51 39 16 66 8 22 80 18 87 35 46 77 88 44 18 30 58 95 71 67 81 60 78 2 66 74 32 
20 95 71 44 90 93 9 15 35 72 54 4 22 71 7 30 98 10 25 45 75 1 56 63 17 100 50 91 67 38 42 1 4 71 91 37 1 82 42 70 61 80 25 27 71 37 4 96 58 4 48 24 97 51 24 47 96 81 15 91 94 82 54 73 87 79 63 47 88 67 5 54 43 45 12 88 31 10 73 63 73 95 39 71 81 13 12 41 4 34 97 6 85 91 58 18 82 34 90 84 
62 92 86 29 38 59 94 14 43 59 70 35 25 52 2 45 17 84 87 77 49 60 82 87 85 81 6 49 82 67 45 81 65 17 52 97 22 65 82 2 64 59 5 72 25 59 43 50 83 55 48 85 89 87 80 64 63 87 30 94 51 35 18 87 77 92 3 90 53 22 6 84 79 58 87 51 7 37 67 56 8 88 41 11 45 76 20 57 63 15 33 32 2 52 30 50 74 59 24 100 
34 61 54 30 53 79 11 30 76 37 81 55 36 34 40 98 91 95 5 24 71 46 88 95 8 74 25 85 22 41 57 32 37 80 73 89 97 33 17 35 95 33 94 41 57 78 27 75 51 76 87 81 75 41 75 4 96 41 74 47 9 2 42 32 12 10 97 53 35 36 61 77 30 3 48 37 71 100 69 20 12 5 24 82 74 75 5 10 56 30 16 48 38 81 19 40 1 75 68 69 
6 13 55 27 76 28 32 74 18 99 41 12 43 91 52 63 5 100 92 53 99 73 24 17 86 7 56 29 82 36 86 54 37 89 84 77 69 67 37 58 95 88 21 19 62 52 66 96 61 70 56 96 26 88 91 23 35 3 36 8 6 20 82 35 16 45 44 79 38 52 46 82 46 65 84 23 30 20 50 90 48 56 61 50 99 77 71 39 42 68 100 88 37 13 94 6 79 37 2 68 
100 80 4 26 78 13 79 22 25 15 5 25 16 33 89 81 35 71 69 44 93 27 36 52 41 89 87 87 49 56 59 7 57 24 17 74 33 78 42 42 78 90 19 8 68 84 93 92 80 14 7 42 32 4 83 9 87 10 6 60 59 75 42 27 64 49 84 8 99 47 12 65 17 36 5 91 36 49 67 47 49 58 34 79 52 24 88 49 41 72 95 91 24 78 100 64 28 45 21 15 
27 61 56 95 64 51 14 97 99 31 79 3 39 23 5 64 95 33 4 43 7 92 10 5 29 32 4 65 36 88 70 7 67 10 8 97 83 41 56 13 94 5 22 28 97 99 74 40 2 14 21 27 36 75 1 9 47 43 32 59 83 82 86 28 41 78 31 42 83 10 1 65 89 41 35 7 70 13 80 78 13 24 21 38 87 37 9 17 78 19 34 15 45 27 80 33 94 92 38 63 
99 23 68 61 40 2 1 92 47 12 96 41 36 30 22 16 66 25 99 54 90 43 58 31 43 74 33 3 79 24 65 65 80 74 4 25 39 39 17 52 36 5 81 64 42 30 29 64 63 4 63 11 7 88 88 47 37 95 47 31 57 95 84 71 49 92 71 97 100 37 24 93 61 74 93 97 86 57 55 20 56 18 61 75 12 82 1 34 2 16 5 94 7 66 66 22 13 64 73 90 
8 8 15 82 22 54 25 49 42 59 47 14 10 15 77 17 16 59 100 92 55 29 60 48 1 40 41 63 18 39 38 82 9 94 67 16 89 65 43 68 98 30 42 3 40 47 51 6 53 56 65 58 25 70 62 86 21 57 4 38 19 85 83 94 63 66 63 81 76 84 13 76 68 51 85 33 60 14 56 76 31 26 93 78 65 25 81 46 16 47 48 2 90 61 19 41 69 35 14 90 
37 89 15 4 6 100 54 25 15 91 24 99 37 76 26 84 29 100 94 90 15 68 98 52 62 81 19 98 61 56 67 50 41 45 75 32 37 49 78 16 70 64 88 50 93 100 96 71 30 8 25 73 47 23 91 90 21 29 54 77 70 7 80 52 64 91 51 85 21 68 63 92 84 22 90 26 20 33 26 28 7 94 4 83 34 45 39 26 31 3 26 85 68 39 9 57 9 84 88 39 
76 42 20 45 12 59 48 57 90 88 17 71 89 45 26 30 45 100 65 29 51 45 85 54 62 45 87 39 42 58 52 93 47 100 82 55 62 7 58 10 15 68 51 43 41 40 29 49 38 6 8 9 96 48 14 57 99 81 23 59 50 6 44 2 12 48 20 67 93 86 28 89 78 48 61 88 7 16 23 60 40 93 58 73 61 91 56 31 89 63 83 18 52 48 97 77 16 50 83 45 
26 87 29 16 32 79 16 74 34 83 96 88 89 20 42 63 82 91 23 28 26 58 2 84 25 52 23 5 79 27 70 78 82 2 32 86 39 7 7 75 9 26 65 81 75 56 63 81 89 7 2 1 44 55 27 9 92 11 10 22 90 42 57 53 27 48 6 11 56 40 14 40 20 94 80 100 82 34 48 67 56 52 97 6 61 88 57 48 85 29 75 77 75 3 22 81 34 80 74 98 
76 67 71 70 15 73 23 45 16 72 37 25 83 86 3 13 16 10 75 66 67 87 44 88 58 55 64 66 21 21 10 26 56 92 78 100 92 11 74 93 91 74 32 99 95 35 82 36 39 12 47 75 37 50 13 21 87 38 4 7 31 26 18 57 29 32 33 45 69 58 71 26 79 34 34 59 5 91 7 99 1 8 60 38 50 17 73 82 53 73 66 91 89 97 31 63 76 53 100 25 
44 35 7 5 44 23 6 95 72 61 62 32 99 34 13 17 47 85 17 1 39 15 71 73 85 16 98 92 43 77 30 26 66 53 93 62 32 25 25 74 98 53 20 8 32 27 14 95 59 26 63 77 25 47 39 46 7 77 73 58 31 78 81 36 91 96 65 79 25 1 95 14 79 25 70 54 30 100 32 91 42 32 89 15 13 94 73 66 18 11 57 15 79 79 87 42 56 32 78 4 
4 33 56 76 8 45 100 15 75 4 15 6 20 70 53 59 5 34 25 86 91 45 50 2 36 38 76 24 17 74 45 57 57 85 85 77 45 82 25 75 28 65 93 92 51 57 27 75 55 19 11 36 48 31 9 16 40 54 78 56 14 13 77 85 90 84 4 66 81 48 27 71 44 15 25 5 44 3 24 61 40 87 18 9 92 23 16 30 81 94 48 23 29 15 67 56 32 92 54 15 
25 79 85 83 52 46 76 90 85 41 73 41 53 84 1 12 21 25 45 32 39 32 9 78 2 27 29 95 25 39 34 99 90 18 89 71 65 24 6 63 89 46 70 61 26 90 69 20 43 31 54 43 18 40 68 15 39 23 31 86 40 55 5 88 48 58 37 74 22 61 15 30 97 17 47 16 83 62 67 68 42 11 77 95 61 50 11 28 52 25 97 17 18 46 64 22 48 43 30 53 
87 24 3 86 9 27 55 92 13 69 6 32 33 54 76 16 6 73 71 96 53 14 28 13 40 15 17 22 8 34 64 4 19 53 37 77 23 39 24 80 63 28 76 51 20 77 81 30 28 1 87 19 6 64 62 83 65 41 21 29 49 87 47 8 80 29 31 65 43 11 52 57 60 70 87 94 9 62 67 61 80 31 56 88 34 3 81 90 54 27 86 28 5 18 60 36 82 16 84 55 
10 98 57 64 38 4 53 69 64 26 82 14 9 9 100 32 76 93 10 23 60 57 5 73 86 64 91 65 49 42 2 93 51 54 76 14 14 69 18 79 10 52 2 11 42 69 37 5 90 61 88 33 7 29 17 93 81 72 28 77 40 25 19 59 59 98 99 23 28 95 67 93 8 97 7 19 19 97 85 74 77 7 82 34 85 61 84 49 76 83 81 94 70 59 35 68 52 35 33 6 
54 68 34 14 72 11 23 92 70 10 34 41 97 30 46 82 20 89 95 87 18 75 14 71 40 65 39 95 19 46 41 2 85 61 34 51 63 48 3 52 99 65 91 78 95 59 6 56 64 1 30 44 46 10 37 56 61 96 38 47 94 12 28 29 56 38 64 14 23 23 65 84 70 38 5 99 22 44 80 10 97 71 48 11 12 53 45 38 60 55 30 73 32 69 59 13 55 2 71 4 
41 40 91 83 14 16 83 35 39 64 79 91 48 82 11 33 23 81 75 54 60 53 47 19 12 44 67 83 38 3 88 57 69 86 73 2 41 51 72 88 39 21 2 20 3 93 75 23 42 34 38 9 8 12 60 10 89 58 23 34 28 51 72 73 20 26 5 65 10 28 18 89 41 63 67 32 85 37 86 55 79 15 100 44 6 61 25 1 64 65 47 33 43 3 20 52 49 52 63 83 
47 29 98 65 23 88 99 51 58 84 35 16 78 100 22 72 54 42 97 67 11 93 34 27 32 51 77 47 42 68 21 81 84 59 91 27 72 15 30 99 96 43 18 47 100 50 35 64 2 76 92 55 20 31 76 70 61 44 31 3 87 15 97 8 72 19 93 17 48 61 97 7 38 52 32 58 93 88 54 26 51 52 40 11 86 17 78 51 14 71 10 22 44 8 46 79 18 70 49 66 
98 17 10 70 12 40 39 5 38 90 33 34 70 4 40 2 76 34 14 2 94 1 56 19 43 65 41 8 3 99 8 7 53 37 2 99 26 91 6 37 70 29 61 42 14 79 69 99 12 84 42 4 50 17 46 39 4 40 11 84 26 29 77 51 35 15 94 58 81 85 19 33 73 99 88 50 90 38 37 43 37 15 18 20 74 23 87 67 71 28 86 26 55 59 70 10 66 68 58 89 
83 31 22 9 13 64 42 27 72 73 82 3 46 36 73 27 96 39 34 73 75 94 72 31 37 5 78 96 42 19 73 18 40 46 11 53 81 39 73 7 29 86 64 25 13 95 24 74 54 30 74 96 13 23 52 100 91 19 42 14 73 89 45 42 63 87 42 43 4 37 96 97 93 26 21 85 45 47 73 29 92 70 47 82 49 63 11 4 3 49 10 58 8 17 8 95 7 75 45 82 
44 21 42 30 10 24 58 52 55 11 28 28 59 92 38 71 53 88 24 7 24 2 57 46 93 78 13 63 54 62 18 95 96 19 80 96 24 14 24 22 34 92 5 49 28 23 11 68 61 84 78 17 26 96 30 56 5 10 33 45 9 52 10 97 77 14 87 8 43 26 97 74 81 87 72 72 43 65 76 97 98 90 98 73 26 94 94 49 63 3 54 77 68 9 64 4 77 8 26 70 
19 96 77 83 19 65 23 16 23 50 100 83 75 97 16 21 76 8 64 24 94 62 88 21 12 44 49 45 84 60 54 92 41 8 9 41 45 55 75 8 92 65 18 38 58 48 82 50 49 16 38 41 23 39 84 29 74 71 11 84 66 8 83 27 81 23 16 83 34 7 79 64 15 11 34 25 55 13 8 35 11 91 58 15 68 29 86 100 69 25 47 89 4 81 93 72 91 59 61 75 
97 7 89 43 8 96 17 19 18 1 64 60 21 15 26 90 52 77 61 50 20 91 24 3 76 11 52 72 10 65 12 70 79 34 19 51 47 100 97 85 8 21 12 13 30 34 83 77 52 38 36 20 20 21 19 98 64 94 29 28 23 22 72 80 62 91 61 5 66 14 41 81 52 9 25 37 67 87 84 35 24 17 17 81 14 61 35 97 71 38 5 35 22 70 94 26 50 100 18 69 
55 9 56 25 35 76 30 45 84 20 99 29 19 93 98 48 47 62 16 37 4 12 7 49 57 46 54 46 37 12 16 87 99 68 81 81 16 44 77 44 29 75 96 68 80 26 72 8 6 36 84 61 40 14 80 9 16 90 16 7 61 35 3 56 89 70 14 19 78 86 66 67 25 17 18 53 15 37 65 40 21 58 11 91 31 94 17 2 55 84 65 54 26 43 95 24 10 39 34 85 
27 87 18 29 34 77 30 23 100 73 33 77 71 61 61 83 60 42 8 54 48 10 92 11 77 35 39 46 58 70 43 34 67 21 60 89 93 67 40 45 87 14 96 96 61 34 7 57 95 51 23 40 8 83 75 88 24 98 59 90 81 32 19 81 58 85 59 42 29 77 89 98 10 52 52 69 21 67 93 17 80 12 38 36 34 45 76 57 52 93 26 53 19 35 23 80 54 23 39 71 
5 21 6 29 39 29 90 28 46 87 81 27 35 53 11 5 65 46 21 4 95 34 90 99 74 84 58 18 16 20 30 58 82 58 99 80 38 75 73 86 87 59 67 85 38 57 90 95 85 61 63 25 64 9 21 13 43 58 27 77 69 20 73 92 79 51 50 27 71 38 66 100 21 63 22 94 23 9 53 29 61 96 37 71 78 96 11 55 44 21 90 53 11 11 88 46 77 93 54 36 
60 55 33 74 19 35 85 44 37 61 77 37 56 68 69 80 53 79 73 3 69 26 91 39 87 56 66 93 37 28 91 58 83 30 53 47 61 66 23 22 89 99 86 58 88 24 39 3 90 43 57 13 44 28 4 63 88 85 2 10 75 38 23 27 41 68 36 45 3 98 62 6 31 73 66 85 59 39 39 17 91 54 96 95 28 11 31 65 56 89 66 87 39 30 99 79 32 29 46 82 
30 93 57 85 88 35 62 74 90 1 75 48 41 77 87 29 63 87 73 50 63 37 74 68 67 40 88 69 43 5 68 58 30 31 91 71 63 59 70 82 72 54 65 59 68 65 40 36 5 30 39 3 58 29 79 83 83 59 59 28 18 13 81 73 55 94 30 59 29 74 100 6 61 85 23 86 89 65 31 69 69 9 56 82 34 81 19 83 8 62 97 18 20 28 92 39 42 30 26 15 
35 62 34 96 4 44 96 25 22 70 34 68 42 31 88 26 61 86 44 70 78 91 8 81 46 70 15 62 40 20 80 34 21 95 50 96 3 8 35 93 49 29 32 88 33 85 31 84 54 53 5 11 91 31 4 23 10 81 10 94 93 47 85 33 92 33 3 31 93 93 17 24 76 71 36 71 57 77 57 53 29 90 38 97 52 4 60 80 61 25 47 13 100 39 77 74 89 28 46 38 
98 16 2 81 10 2 89 98 58 25 83 7 59 42 18 79 62 58 68 15 35 95 90 74 65 63 28 72 61 61 84 2 39 64 45 22 38 83 41 27 97 59 92 12 76 31 39 95 88 5 40 81 12 63 47 96 39 12 22 15 30 39 77 80 83 40 71 27 79 85 16 72 76 67 10 60 84 40 100 72 56 14 27 62 45 60 27 21 82 64 57 40 20 38 70 97 28 6 31 96 
16 71 24 83 51 11 96 16 87 31 90 58 85 50 27 53 35 76 11 79 42 37 84 92 80 43 15 10 94 30 76 54 91 45 18 51 57 78 46 32 73 52 78 33 81 17 11 96 83 18 14 23 58 2 22 28 48 50 88 20 63 67 29 43 85 73 12 5 36 42 55 76 14 59 13 20 34 78 99 35 86 56 91 85 2 38 64 14 52 9 14 89 55 45 4 45 36 3 85 3 
46 82 92 23 95 52 100 42 53 93 43 37 85 46 32 28 23 96 83 58 1 56 96 31 42 90 10 83 67 41 10 42 53 1 64 78 75 98 17 93 35 14 82 88 87 68 27 27 53 13 52 3 59 45 34 25 50 35 25 16 20 51 35 62 18 20 27 68 1 88 40 72 95 23 85 15 24 94 57 35 29 62 12 88 42 93 41 47 36 36 65 54 72 43 51 51 56 42 7 95 
12 26 60 61 65 93 69 90 3 62 7 97 81 9 44 57 94 21 7 36 24 54 71 35 24 98 8 1 36 49 98 56 23 68 31 92 27 42 80 43 25 21 74 82 11 26 39 44 70 84 36 72 24 18 98 83 36 91 16 13 14 52 52 44 92 15 41 48 25 71 2 73 88 2 95 59 35 95 21 34 49 22 97 38 20 76 10 70 91 50 74 37 61 82 62 41 90 97 47 26 
14 17 20 36 18 5 85 70 77 51 13 42 98 72 4 100 19 57 8 22 75 35 86 21 12 83 56 4 23 62 58 26 14 72 30 23 21 64 4 63 68 79 81 97 6 37 18 18 97 1 87 55 19 71 78 32 74 87 37 6 74 59 13 4 30 1 97 1 36 56 14 68 59 17 85 92 37 94 55 74 34 30 12 88 96 38 67 91 80 94 18 13 59 1 51 20 88 34 39 38 
100 13 48 90 33 64 58 84 25 37 100 95 94 26 39 24 58 89 84 15 99 74 44 96 92 67 27 30 43 25 15 47 79 78 63 46 90 40 16 96 55 8 72 79 23 14 46 72 97 74 90 71 47 47 66 12 40 24 46 57 22 32 97 45 16 57 32 29 5 11 15 25 69 86 80 41 59 11 1 19 76 13 54 95 25 52 22 94 34 22 82 9 38 50 54 39 46 73 23 83 
36 32 34 8 87 47 44 14 51 4 47 7 14 27 33 61 64 16 9 96 39 84 15 58 51 96 97 67 35 1 17 9 100 22 46 17 50 48 35 97 12 66 24 30 41 17 45 53 89 53 52 24 96 56 7 5 61 28 9 96 45 15 8 78 3 76 100 62 31 30 12 33 1 84 72 58 55 12 87 97 37 69 45 6 28 18 50 4 33 18 48 3 22 2 69 27 63 32 91 9 
3 59 66 23 93 80 100 73 46 88 8 5 54 64 6 79 56 22 91 69 93 42 21 6 1 98 18 17 6 24 35 42 19 26 83 92 50 89 8 71 43 53 4 48 86 21 90 45 64 39 29 76 42 99 46 56 55 76 98 28 99 98 37 89 71 11 40 30 1 40 36 32 28 82 31 2 62 79 33 25 99 47 65 84 54 56 22 79 31 46 65 82 17 96 61 52 97 55 39 80 
25 31 40 58 67 18 50 99 26 61 50 4 19 14 58 31 11 40 83 25 5 92 88 35 51 41 62 9 85 58 73 70 97 95 95 12 73 27 23 61 65 62 25 77 5 46 9 41 97 30 15 90 11 34 47 11 48 11 60 98 63 37 10 93 31 34 69 50 8 94 84 52 77 75 47 88 81 56 84 84 89 98 40 34 74 38 50 100 82 93 45 62 90 15 58 28 21 13 8 93 
19 62 43 17 6 61 44 96 47 80 77 10 79 3 68 19 79 27 77 39 79 34 2 78 80 57 88 88 53 14 67 82 35 6 16 49 9 68 71 32 21 20 4 48 28 86 66 14 33 32 46 82 10 74 72 20 63 98 46 8 81 16 93 51 99 25 67 3 66 1 21 90 75 1 24 6 87 16 33 75 53 96 64 3 49 70 76 21 86 24 14 19 77 75 96 96 63 80 56 82 
74 52 73 40 1 43 26 61 85 69 90 35 27 63 72 21 71 57 26 12 6 53 21 37 61 33 82 59 46 1 57 76 5 91 93 8 74 72 67 55 19 18 4 39 78 57 42 18 22 46 12 50 32 63 20 57 55 39 11 21 15 38 3 86 58 19 80 85 43 84 56 72 75 75 95 87 74 21 89 52 68 7 30 26 14 24 24 59 73 67 96 28 93 80 5 8 47 87 40 26 
89 4 10 11 89 58 30 49 49 29 63 77 76 41 6 8 61 68 96 78 43 46 1 65 54 49 44 41 39 93 97 45 45 7 58 19 17 53 92 68 34 40 47 69 95 97 14 49 89 71 17 35 46 9 25 43 30 37 16 24 9 30 11 59 59 41 49 74 55 94 99 6 23 84 46 86 69 62 23 29 83 68 84 2 36 11 10 49 79 84 21 48 20 55 99 86 78 54 41 45 
46 74 73 94 10 35 13 48 76 64 65 72 97 38 91 3 31 25 25 43 21 28 65 67 4 50 53 96 56 88 19 12 99 70 7 55 50 79 59 77 4 57 86 23 30 59 97 85 38 21 23 51 95 50 11 62 41 31 44 42 61 75 2 18 67 4 87 23 62 33 82 10 22 76 78 5 42 37 52 86 60 85 55 6 95 28 38 87 31 20 98 83 35 92 90 2 67 15 44 36 
30 47 88 61 36 65 93 46 44 47 21 56 63 31 67 25 93 6 3 18 63 9 30 14 20 21 78 9 18 47 20 84 10 39 72 59 100 1 46 4 83 1 53 55 41 14 16 1 5 80 97 46 53 22 42 67 47 90 86 34 44 63 74 97 46 24 51 71 46 54 84 60 74 53 47 75 70 13 64 58 93 29 23 2 63 15 52 87 83 79 16 33 28 77 39 92 100 47 82 91 
57 87 51 91 51 28 42 91 41 79 17 21 1 24 56 52 69 21 95 23 4 56 70 46 26 22 61 89 56 85 76 34 23 73 57 49 46 82 18 91 95 19 78 27 97 87 67 56 47 61 7 74 61 84 85 89 54 53 98 96 46 50 1 45 46 66 50 9 57 46 16 84 59 29 54 18 67 89 13 29 51 26 81 89 73 36 14 81 97 24 64 63 39 56 88 10 21 95 15 29 
22 72 90 92 84 71 12 51 64 1 61 35 68 86 73 81 33 30 57 1 31 20 73 38 48 96 32 77 20 40 82 85 21 72 43 37 18 69 76 35 70 92 97 93 21 73 38 32 46 73 89 93 31 81 97 29 65 55 28 64 42 29 79 50 88 56 83 69 92 47 38 8 78 35 56 76 16 56 35 9 96 91 20 11 46 21 53 1 10 68 57 19 89 8 90 96 80 97 28 3 
84 7 64 21 9 68 77 53 91 98 3 12 9 55 61 25 83 15 13 12 74 52 96 63 81 27 6 91 1 20 20 18 55 29 44 63 78 1 88 72 59 40 82 61 39 79 41 85 80 5 25 29 89 27 26 19 68 56 6 55 7 69 83 60 68 36 12 45 30 12 68 23 6 70 80 6 8 56 57 29 2 91 98 10 75 41 95 15 94 57 21 45 46 80 71 68 16 3 96 2 
71 43 35 74 13 79 22 94 9 78 45 46 95 45 93 29 12 22 7 82 43 99 70 23 67 79 60 76 19 73 35 79 58 78 41 89 36 60 20 68 55 38 70 55 4 54 81 34 59 50 99 71 35 50 91 71 37 36 10 33 93 60 55 96 82 14 12 28 23 88 53 40 78 29 15 100 42 20 78 25 10 26 59 94 26 46 35 12 92 2 65 50 28 5 65 36 92 60 35 17 
51 85 99 5 77 9 63 63 79 84 19 24 4 43 24 41 78 46 83 39 40 60 53 36 96 16 62 11 31 46 96 15 11 39 24 70 54 28 68 36 47 56 5 86 65 38 8 10 37 10 67 27 77 31 99 76 8 1 27 91 53 93 79 66 57 89 92 33 2 34 60 96 12 40 10 27 76 43 29 86 45 80 16 51 25 26 53 80 15 94 80 14 92 77 96 68 26 95 79 76 
41 70 11 10 66 77 64 32 33 54 6 33 50 7 52 98 89 11 55 56 82 45 84 1 43 12 63 32 56 69 83 46 14 84 12 50 36 3 96 16 18 59 28 100 91 25 46 63 63 17 28 39 13 10 98 28 94 47 45 99 99 76 97 61 35 80 82 73 40 28 48 71 47 10 66 72 28 39 97 34 78 29 15 59 32 70 59 39 70 51 63 7 5 53 62 92 97 22 5 4 
52 11 51 83 80 30 91 20 2 25 61 29 77 1 34 48 70 83 64 22 52 15 68 77 52 89 54 39 38 32 57 4 87 40 7 99 9 4 42 18 46 65 40 40 94 93 26 93 78 28 40 47 70 39 1 54 79 69 76 88 52 52 44 71 82 11 98 38 63 96 8 91 46 27 7 16 1 12 42 7 34 22 81 96 73 3 72 42 1 10 64 74 54 2 50 24 60 1 36 75 
80 18 55 11 38 61 43 62 57 74 68 83 49 63 24 43 44 32 65 65 85 4 59 89 94 35 36 89 85 92 85 19 74 57 77 97 50 85 45 12 45 42 41 44 91 50 20 16 71 23 96 63 29 53 56 16 20 88 99 57 22 66 60 68 26 59 58 70 29 31 15 29 93 78 92 23 91 31 38 79 53 58 76 26 95 43 100 48 29 65 52 92 100 100 92 70 29 10 91 49 
37 14 55 87 42 76 80 70 90 29 87 45 89 41 13 77 12 94 93 8 89 36 95 2 29 68 67 30 99 7 15 32 53 44 10 68 10 65 99 68 77 24 11 40 61 91 25 54 76 82 78 42 94 83 65 24 67 36 8 72 35 72 99 56 36 37 80 24 14 22 80 29 5 57 25 46 76 87 8 63 14 31 1 15 24 38 11 7 40 86 10 13 94 9 69 63 28 55 3 58 
47 90 47 75 23 40 72 47 74 76 32 52 86 47 87 77 85 28 56 99 55 89 75 12 69 59 9 77 32 68 97 84 93 76 57 93 1 25 44 92 88 78 20 5 59 23 70 50 92 67 28 18 96 18 59 46 73 69 2 93 11 43 39 73 74 75 30 93 18 9 48 70 11 51 56 7 23 68 1 5 67 37 44 13 64 64 77 16 57 67 21 67 85 14 68 57 19 63 28 61 
27 87 54 66 39 89 71 50 37 83 74 45 48 5 42 75 12 67 47 97 12 1 85 71 30 93 41 25 68 95 32 78 59 31 20 53 21 14 34 24 80 83 5 72 85 20 9 34 98 82 20 80 87 91 82 58 93 72 78 39 52 1 41 4 57 88 15 14 57 46 19 92 34 77 79 5 96 87 8 75 37 72 34 57 100 77 71 49 67 85 66 39 38 90 48 15 15 3 73 37 
36 50 27 91 75 70 71 71 22 77 30 61 27 40 39 51 44 92 97 59 80 65 53 26 7 53 66 56 5 56 36 19 12 47 19 77 58 7 21 16 92 54 60 57 89 75 69 73 81 61 37 84 69 42 86 17 66 38 10 20 35 20 35 4 75 37 70 96 92 38 74 80 5 22 10 24 38 98 56 69 18 16 35 71 21 38 83 68 81 100 21 65 90 64 73 45 8 63 4 93 
97 30 63 85 74 63 17 26 20 90 22 79 63 15 74 86 13 89 22 83 24 91 43 99 36 4 90 92 24 19 25 39 38 38 23 79 17 42 83 67 55 30 16 36 3 70 18 80 35 16 90 94 78 22 63 25 55 27 52 73 43 53 53 40 46 24 59 31 29 29 2 66 43 98 90 65 96 84 82 98 80 39 36 32 64 78 73 90 33 69 64 36 47 49 41 92 27 16 28 41 
79 13 39 33 85 67 11 59 8 56 58 65 52 10 79 38 98 40 23 95 93 73 81 71 85 80 91 71 31 98 48 91 95 42 30 3 79 66 77 16 63 99 43 11 12 65 53 26 45 10 11 9 98 50 16 21 56 89 58 46 59 98 24 89 62 28 100 37 57 96 97 3 65 60 62 20 34 51 51 10 57 85 73 11 27 34 84 56 29 83 99 96 51 19 88 13 88 26 24 33 
58 27 92 7 41 78 75 19 71 15 35 8 43 8 53 99 50 40 36 1 85 20 28 6 20 67 69 86 23 57 3 25 6 80 23 36 72 9 71 64 7 75 27 45 73 36 22 41 75 91 88 20 68 99 84 43 13 45 23 1 63 94 15 91 6 84 79 13 4 78 83 73 46 53 36 81 7 5 47 87 51 22 18 71 81 18 8 81 15 91 76 70 82 55 99 12 22 14 32 12 
17 46 56 85 52 63 10 78 68 11 88 52 8 45 16 7 67 59 40 99 51 15 24 41 96 68 56 87 13 66 89 64 58 45 36 85 23 8 74 35 64 31 8 16 31 51 71 10 16 60 10 3 54 89 5 66 58 47 6 4 9 62 80 24 30 66 23 12 98 4 44 75 47 47 88 8 96 45 72 72 29 27 61 98 73 71 15 2 74 64 61 3 89 80 43 88 91 79 65 52 
4 87 29 17 9 68 73 40 9 37 39 25 45 92 82 17 34 97 82 58 81 97 58 28 38 99 9 73 1 72 74 80 14 11 47 51 50 38 78 31 14 66 37 47 48 5 84 58 59 17 26 73 1 23 60 67 45 89 78 81 4 6 21 73 63 89 26 57 9 45 15 15 35 55 31 8 93 78 1 21 32 67 53 56 49 51 1 63 5 59 58 47 27 39 21 24 76 6 41 77 
8 51 36 85 99 51 5 27 65 14 27 16 24 71 11 24 56 44 72 87 59 70 66 46 20 71 84 21 2 24 1 34 12 29 12 43 60 43 8 82 5 80 52 57 9 24 28 72 60 20 34 33 78 76 44 50 76 52 30 89 75 77 59 41 95 85 52 78 13 54 79 44 87 65 79 41 86 86 93 12 54 64 67 61 95 1 24 74 88 92 9 31 11 70 22 76 20 60 83 16 
71 3 22 32 51 44 57 61 50 89 32 73 5 3 71 37 59 9 60 42 100 61 54 95 92 70 32 11 76 91 12 19 34 89 81 79 71 24 52 20 12 52 93 72 90 96 2 11 58 12 3 39 5 24 3 34 89 16 7 82 68 45 10 30 46 24 77 89 92 14 70 41 28 3 19 17 95 77 99 67 42 20 54 39 46 50 27 12 38 28 55 91 71 99 31 66 27 89 50 44 
49 32 46 12 5 95 54 9 43 75 92 36 28 17 85 12 51 69 77 67 32 68 93 15 40 32 18 84 74 7 50 89 91 33 83 64 23 77 85 55 38 19 99 68 38 83 77 94 49 82 39 83 96 72 13 27 23 7 88 69 79 90 43 1 68 45 75 85 63 65 65 43 21 73 43 78 72 42 61 81 19 60 24 59 65 44 44 26 86 2 4 11 16 7 90 49 23 100 68 7 
91 3 20 57 56 99 91 70 37 50 14 26 61 95 19 41 38 95 13 83 53 100 66 26 45 16 67 52 19 71 53 4 19 41 25 55 49 60 85 55 65 54 4 17 49 58 14 78 32 4 59 10 85 55 2 91 77 3 55 29 31 41 68 22 82 23 52 76 79 37 77 90 9 46 29 15 5 66 11 4 47 91 51 33 48 10 82 90 60 67 13 27 30 56 57 91 85 33 36 90 
19 45 97 85 70 17 58 91 8 94 14 29 50 88 81 4 64 83 10 91 21 67 99 44 7 85 96 47 89 71 61 69 24 36 90 72 50 85 53 100 80 56 15 17 41 66 38 57 43 42 9 37 32 22 67 99 34 79 55 83 20 42 52 62 45 96 4 68 29 24 22 99 62 53 33 83 9 74 57 40 26 21 53 45 68 69 71 54 24 22 11 92 47 96 91 74 95 22 1 61 
65 9 66 85 94 95 46 83 86 6 94 35 62 10 74 31 9 68 15 59 89 66 77 33 73 74 88 63 88 33 86 97 85 39 44 59 91 12 4 17 7 43 47 73 57 34 21 5 88 58 4 69 99 28 49 34 90 59 45 66 35 16 46 92 61 74 45 82 94 1 65 91 97 79 7 45 9 78 95 31 1 60 13 55 26 80 43 82 72 50 13 38 65 18 70 92 57 86 28 77 
54 42 14 23 89 75 7 71 82 65 23 38 21 97 50 1 51 44 76 96 21 13 49 42 1 25 72 76 63 69 55 33 24 51 96 21 26 34 83 75 85 25 69 13 30 17 47 36 86 15 20 50 32 95 6 76 74 85 18 84 20 63 94 74 50 86 4 71 47 74 20 83 87 4 76 15 87 81 34 9 10 40 37 92 94 17 22 7 99 76 43 19 16 20 99 34 50 84 2 8 
87 29 35 43 26 13 51 74 77 81 70 21 79 40 4 88 14 73 28 45 32 15 96 34 5 47 28 6 92 25 19 93 46 66 92 30 50 42 34 2 43 29 5 38 80 74 22 10 67 87 69 77 7 18 31 39 33 61 8 1 22 41 99 29 31 79 88 57 8 69 24 78 67 59 38 77 2 15 45 56 43 76 85 99 79 9 81 17 83 27 23 98 11 56 65 99 52 38 34 47 
19 84 65 46 93 72 28 4 31 19 73 10 48 46 85 82 43 6 38 61 18 54 11 48 86 13 40 12 88 23 18 39 83 77 15 69 85 69 76 59 38 75 44 8 60 15 77 41 16 3 33 73 1 34 3 60 72 16 43 35 72 61 54 99 18 31 85 99 8 77 95 86 26 4 10 9 98 10 17 16 46 52 98 40 62 26 50 35 4 27 55 44 53 80 11 40 52 32 58 54 
49 31 5 79 79 42 99 57 81 39 67 47 61 27 75 55 70 67 11 10 15 49 57 67 24 20 61 69 82 4 80 41 25 90 8 15 39 47 4 59 53 30 48 48 67 70 8 24 35 75 13 11 30 67 17 25 90 83 70 29 10 96 65 60 93 38 53 31 48 67 96 43 94 56 52 52 53 33 31 18 14 33 83 60 76 72 56 59 29 70 84 23 53 75 2 70 11 66 33 3 
57 71 24 93 35 93 22 22 95 68 5 52 84 98 54 77 79 53 21 47 56 49 32 57 38 94 66 5 25 38 48 5 39 53 81 28 66 27 5 53 3 26 12 35 61 24 69 9 35 24 84 42 91 100 75 60 93 54 96 47 19 33 80 25 36 26 72 64 81 78 86 53 49 18 41 96 9 58 36 56 9 81 14 30 85 97 33 84 22 55 92 80 21 89 66 57 91 74 4 53 
23 50 65 62 78 3 54 35 41 73 48 91 97 84 56 3 47 27 53 73 37 53 26 17 90 17 30 58 73 86 49 89 4 31 97 84 25 4 39 5 83 12 8 2 84 29 31 27 43 26 81 16 49 7 32 24 5 83 51 28 6 73 78 91 95 15 26 26 13 22 21 77 12 78 40 8 33 86 8 9 81 59 24 33 16 78 89 38 97 99 58 23 55 80 78 18 7 22 16 55 
98 65 8 76 48 17 48 45 89 43 44 15 11 6 7 97 61 74 71 41 100 3 60 9 83 52 13 1 75 28 60 77 21 72 41 62 70 29 47 34 68 66 49 67 25 36 6 48 21 73 18 27 61 55 48 5 85 13 57 99 48 93 9 14 28 84 3 89 65 65 71 91 2 18 62 68 22 16 3 32 81 54 78 31 17 98 4 30 99 71 48 84 33 36 6 95 47 29 93 38 
40 3 82 95 18 93 2 99 22 22 65 86 82 51 27 39 89 51 20 65 49 80 51 94 53 29 76 95 57 87 5 51 84 85 21 90 63 23 66 79 82 23 68 19 46 37 67 51 56 38 18 19 18 8 15 73 98 22 1 32 85 51 41 11 17 98 9 100 43 23 43 35 78 60 63 43 22 71 71 1 4 15 47 63 24 5 15 4 52 76 58 42 57 64 65 33 51 36 35 79 
14 58 3 48 98 97 49 30 85 61 89 41 60 18 24 59 2 67 94 27 47 8 34 27 13 21 79 37 97 72 37 43 69 86 58 96 27 14 91 56 71 13 69 88 1 66 20 30 40 40 89 27 69 66 87 49 30 19 77 64 33 98 40 33 6 44 67 89 96 88 3 7 49 97 19 20 70 88 18 47 10 17 7 58 18 100 74 67 10 45 6 29 42 85 63 41 74 82 31 94 
56 42 17 27 41 40 34 47 46 56 61 21 94 68 15 18 9 59 37 75 5 71 91 7 1 77 73 82 54 65 96 13 66 47 89 38 57 36 6 68 61 25 43 94 8 52 61 55 18 68 62 39 94 55 89 39 8 25 26 36 26 12 9 78 27 59 14 46 12 46 26 41 74 49 17 85 15 12 4 50 86 70 63 44 20 26 52 75 15 81 47 26 49 98 64 57 22 45 63 33 
90 27 93 75 89 63 77 38 34 60 49 72 43 43 22 40 61 50 47 58 4 92 65 17 66 78 70 84 81 15 39 8 72 23 26 66 97 58 64 95 48 5 56 18 44 77 15 52 52 52 9 34 92 33 10 95 9 84 6 97 95 57 21 36 12 92 68 3 96 4 62 90 22 56 61 54 31 3 60 1 70 86 32 22 12 79 55 79 62 40 86 66 65 94 66 48 85 54 76 8 
38 45 34 98 60 22 52 56 49 43 78 50 99 63 84 40 11 68 57 1 72 83 76 40 50 6 12 75 89 12 33 49 96 47 12 35 30 31 6 87 15 72 19 26 76 58 6 61 56 42 7 14 7 13 39 2 75 46 88 98 77 96 81 47 85 64 63 99 51 30 49 16 32 47 93 17 89 5 26 5 76 8 97 18 89 44 93 65 98 51 52 73 7 74 65 66 15 19 84 41 
90 23 95 39 27 95 82 24 25 79 3 71 38 3 5 23 89 22 64 55 24 24 53 70 1 99 27 39 15 54 32 78 84 46 62 3 84 67 79 44 61 30 30 58 12 76 96 48 18 92 20 8 23 9 32 91 24 38 57 10 83 31 75 23 19 26 57 96 42 45 4 5 71 84 94 71 19 76 89 1 32 19 51 29 38 5 68 18 4 74 67 16 72 94 71 99 71 23 35 34 
19 29 65 35 49 94 32 81 67 33 65 42 90 35 93 55 8 86 51 42 15 77 45 45 99 18 64 93 23 73 80 11 28 54 48 27 77 35 1 70 70 86 96 6 70 14 39 5 41 37 74 38 63 20 75 44 96 36 25 41 86 48 84 76 4 27 55 86 81 69 99 44 87 76 34 93 23 1 70 4 47 79 76 47 33 8 81 93 97 72 72 59 56 100 2 30 62 89 51 75 
7 49 9 47 59 27 45 31 82 14 63 25 67 87 20 53 98 76 1 81 89 29 50 40 22 68 83 47 17 29 72 66 48 60 18 18 68 33 4 61 11 34 13 44 31 35 57 78 59 50 24 15 86 36 22 18 13 26 6 45 86 77 59 95 83 23 70 95 63 27 78 87 36 76 24 44 9 5 48 42 31 57 13 5 1 53 46 18 73 33 73 42 1 57 100 74 75 81 76 58 
72 96 68 67 83 97 84 49 29 53 73 90 8 2 49 1 95 45 62 5 69 60 94 37 81 22 26 77 29 65 82 90 31 31 68 46 64 16 89 64 90 98 42 23 95 84 74 2 43 82 22 1 14 80 53 92 46 10 94 43 35 93 31 8 69 10 88 26 99 70 9 13 16 14 65 56 76 10 83 40 14 38 70 44 47 18 3 48 86 15 49 76 20 16 8 83 24 80 79 65 
45 96 15 89 48 44 16 38 74 13 35 57 46 43 72 91 51 29 63 92 13 69 15 81 25 2 52 5 95 27 35 97 5 5 34 4 74 17 64 28 52 93 18 33 79 74 40 79 6 100 28 90 69 8 61 35 1 34 32 79 18 35 40 16 8 61 43 55 98 52 54 88 14 60 72 50 91 3 87 30 56 61 12 30 18 26 85 18 4 85 54 7 4 11 74 71 8 58 52 33 
42 59 72 30 100 85 65 72 45 47 34 44 12 60 54 33 19 75 57 47 24 53 94 87 80 87 55 34 98 22 88 2 42 61 82 55 69 39 69 33 48 45 19 87 56 74 35 48 12 30 2 71 44 6 4 87 33 47 97 28 66 16 64 46 58 20 3 58 88 64 67 76 66 64 22 76 85 70 10 36 81 29 63 37 9 88 78 49 94 14 38 94 89 58 49 45 8 19 27 45 
63 3 10 38 22 97 72 62 61 25 61 43 71 90 10 45 85 88 88 55 11 58 4 7 51 44 90 55 58 91 10 61 85 37 63 30 19 15 11 6 99 84 62 39 41 83 77 98 34 78 42 8 98 2 79 95 36 68 68 44 86 31 67 60 92 1 96 7 63 59 67 78 60 82 92 56 99 90 89 3 6 64 53 23 76 3 32 68 26 66 43 94 47 88 84 7 1 50 74 63 
41 32 65 93 17 46 15 37 23 58 83 35 46 30 71 40 58 23 28 41 69 43 47 76 11 97 12 34 22 50 59 97 60 20 94 90 26 72 76 71 15 65 33 5 63 13 32 76 41 89 4 91 24 8 2 89 1 53 96 100 100 37 25 100 44 17 42 1 47 96 56 8 20 42 47 48 14 78 12 20 75 80 89 69 88 53 30 29 15 9 88 46 95 13 27 50 24 81 80 91 
53 87 6 84 75 80 45 96 68 35 19 55 48 33 17 76 96 5 83 43 70 11 11 34 20 98 39 60 85 54 2 45 3 65 61 99 43 69 47 22 96 9 90 66 2 79 4 78 58 10 61 95 99 50 87 85 99 15 72 10 80 3 79 52 10 46 78 20 31 92 46 54 33 15 18 91 81 18 44 78 64 11 4 99 27 97 46 71 56 50 57 81 27 73 69 72 90 40 65 64 
48 2 4 51 72 55 9 60 23 71 60 22 51 46 37 54 27 41 99 67 69 79 53 2 75 3 86 30 16 88 53 97 65 78 35 56 20 94 72 65 3 72 14 32 76 50 11 3 81 34 53 50 56 69 58 60 57 61 69 62 9 82 17 75 39 69 23 73 66 67 20 19 70 82 17 93 45 9 91 59 63 71 96 34 48 37 27 22 27 70 33 47 29 5 60 38 15 27 48 32 
27 56 87 87 65 99 38 9 60 17 16 84 75 10 32 94 1 40 59 89 6 30 73 70 65 25 90 94 76 7 9 74 42 4 55 49 96 16 42 7 8 56 20 69 66 6 53 25 28 66 69 14 23 22 67 26 46 86 6 35 21 15 62 11 61 77 12 10 37 52 26 5 61 96 67 67 56 18 75 3 100 100 34 42 15 3 8 23 21 2 25 34 4 20 67 12 2 26 69 93 
16 81 89 79 49 27 71 5 17 89 48 41 10 5 57 18 20 92 1 45 61 10 64 9 97 15 59 93 64 31 84 82 56 58 57 58 83 91 91 78 83 80 82 58 62 24 16 68 56 61 64 44 97 36 58 67 33 91 39 2 1 7 81 52 53 55 14 79 13 2 43 28 84 1 29 40 90 45 34 42 91 17 70 82 96 92 26 98 61 79 94 90 30 71 34 29 95 42 14 84 
19 14 65 74 10 52 8 35 52 87 16 85 15 46 1 93 60 81 13 57 91 84 17 20 76 27 85 15 30 44 1 48 2 13 23 86 19 43 29 62 22 75 32 2 71 6 2 82 55 15 10 89 58 83 91 81 28 18 13 40 37 86 37 2 65 9 39 89 75 4 24 95 76 44 13 45 75 54 20 80 90 26 48 74 13 50 9 56 43 8 55 67 22 29 9 70 44 88 20 19 
28 100 16 11 67 73 97 52 21 20 89 92 41 83 96 53 76 72 52 35 24 7 54 25 7 56 5 85 100 9 92 80 84 37 5 47 73 95 85 84 84 85 71 24 78 75 100 14 37 91 1 25 26 7 7 90 67 92 67 84 79 26 74 53 51 60 73 97 87 29 87 77 54 31 96 12 99 55 6 88 100 30 58 27 75 56 77 94 69 58 79 94 3 21 63 42 32 60 3 1 
69 98 96 86 22 33 74 6 88 86 98 38 47 94 42 68 80 46 55 18 37 70 55 18 32 27 11 43 5 5 79 64 64 27 28 77 22 61 90 43 91 91 2 95 8 91 64 3 24 82 65 19 55 78 62 13 76 20 20 80 33 77 62 34 44 61 73 59 59 41 19 3 50 50 99 45 65 41 66 28 68 78 19 17 50 56 1 84 7 55 34 43 60 25 98 62 52 66 56 79 
48 74 99 83 27 72 52 72 65 30 42 49 9 65 38 24 8 55 88 82 91 51 24 13 89 77 15 52 82 40 80 57 57 79 50 40 10 54 98 43 24 78 98 73 75 98 4 86 36 56 30 46 40 19 76 87 91 63 10 20 94 25 50 63 35 84 63 62 70 41 21 96 84 51 1 83 31 2 34 60 8 44 19 2 17 69 65 59 45 23 45 65 52 56 94 24 63 45 37 57 
93 96 55 87 96 54 87 74 94 25 12 1 56 5 36 7 5 27 14 71 35 89 55 15 10 46 76 84 17 35 4 16 71 68 33 28 43 69 1 83 1 52 77 17 92 64 27 16 36 67 62 6 21 73 6 13 65 26 69 78 56 54 78 60 67 51 67 80 57 36 30 35 85 55 94 92 83 78 100 13 34 91 5 63 21 86 23 75 81 93 84 49 35 41 53 5 27 66 39 52 
18 94 60 78 77 61 81 85 79 82 30 90 87 93 76 27 15 56 21 15 68 55 77 63 18 98 31 66 65 84 62 9 73 47 38 77 98 15 48 15 37 42 35 77 92 48 92 91 67 55 22 32 57 58 95 71 41 58 60 16 71 33 63 80 82 60 98 51 80 69 100 95 97 69 67 87 50 88 65 13 67 31 97 18 92 58 45 16 3 86 41 14 15 38 5 44 35 68 43 44 
